MS_ackley_results_2D <- c(1.110223e-14, 3.996803e-15, 2.579928e+00, 2.384759e-13, 4.307665e-14, 7.549517e-15, 2.579928e+00,
                          3.996803e-15, 8.215650e-14, 2.579928e+00, 1.820766e-14, 2.835510e-12, 1.820766e-14, 3.343992e-13,
                          4.884065e+00, 3.574452e+00, 3.996803e-15, 6.439294e-14, 2.579928e+00, 4.884065e+00, 2.579928e+00,
                          3.464340e-12, 5.381864e+00, 1.081490e-11, 1.012033e+01, 3.996803e-15, 8.602008e-13, 6.559645e+00,
                          3.996803e-15, 2.579928e+00, 2.579928e+00, 7.180952e+00, 3.996803e-15, 4.884065e+00, 4.303224e-13,
                          5.381864e+00, 3.996803e-15, 2.579928e+00, 1.012033e+01, 2.579928e+00, 3.241851e-14, 1.465494e-14,
                          2.562395e-13, 2.579928e+00, 4.161116e-13, 7.180952e+00, 2.579928e+00, 3.574452e+00, 2.579928e+00,
                          6.434853e-13)

MS_rastrigin_results_2D <- c(9.949591e-01, 0.000000e+00, 9.949591e-01, 0.000000e+00, 0.000000e+00, 9.949591e-01, 0.000000e+00,
                             0.000000e+00, 9.949591e-01, 9.949591e-01, 1.776357e-14, 9.949591e-01, 0.000000e+00, 0.000000e+00,
                             0.000000e+00, 0.000000e+00, 0.000000e+00, 0.000000e+00, 0.000000e+00, 0.000000e+00, 0.000000e+00,
                             0.000000e+00, 0.000000e+00, 9.949591e-01, 9.949591e-01, 9.949591e-01, 9.949591e-01, 9.949591e-01,
                             0.000000e+00, 0.000000e+00, 9.949591e-01, 0.000000e+00, 9.949591e-01, 0.000000e+00, 0.000000e+00,
                             0.000000e+00, 0.000000e+00, 7.105427e-15, 0.000000e+00, 0.000000e+00, 0.000000e+00, 9.949591e-01,
                             0.000000e+00, 0.000000e+00, 9.949591e-01, 9.949591e-01, 0.000000e+00, 0.000000e+00, 0.000000e+00)  

PRS_ackley_results_2D <- c(2.1299672, 5.6860893, 3.2739454, 3.3629226, 3.0601544, 3.8845949, 0.5052978, 5.0296051, 3.2209358,
                           3.2578216, 3.0509134, 2.6195303, 2.4758152, 4.0767042, 3.8182115, 4.8663132, 3.5424312, 3.3475651,
                           3.5473180, 4.2125514, 2.9565307, 6.1322818, 5.5539005, 4.6369601, 3.8568027, 4.4345842, 2.7805679,
                           3.3049936, 3.9758447, 3.2677386, 2.9868603, 5.4538105, 3.7550248, 2.6588931, 3.9334733, 4.8868297,
                           4.1574241, 3.1538692, 5.3871722, 4.1341272, 3.0577874, 6.1059502, 3.7499091, 2.8665644, 3.2621887,
                           2.5299480, 2.7611672, 3.2119196, 3.6523219, 0.5245467)     

PRS_rastrigin_results_2D <- c(1.0268473, 2.5110265, 1.9352275, 2.4245919, 1.8525590, 1.5213241, 2.1989250, 1.0477246, 0.3029294,
                              2.0176032, 1.1035154, 1.6500826, 1.2332840, 1.9750544, 2.1004415, 4.0495216, 1.0538659, 1.2851653,
                              1.9561816, 0.4430493, 1.5596394, 4.4872848, 2.2263931, 2.8629484, 0.9369434, 2.1291369, 1.8755307,
                              0.9678543, 1.0513179, 3.0617443, 1.3336944, 0.2563356, 2.9236089, 1.3922292, 0.2053451, 0.9603840,
                              0.8310720, 1.1743326, 1.9069792, 2.7600962, 1.8003969, 3.1826423, 1.1067147, 1.0621080, 0.6820979,
                              1.2912620, 1.7415077, 2.8166623, 1.7793390, 1.3864070)           


MS_ackley_results_10D <- c(18.77303, 18.70743, 17.74629, 17.55790, 17.69592, 18.26704, 18.22377, 16.93145, 17.66360, 16.81692, 
                           17.99843, 18.28672, 17.28922, 18.28811, 17.43253, 18.36631, 18.52662, 18.36370, 18.44326, 17.13355, 
                           18.29783, 17.47942, 18.40732, 17.20309, 18.15286, 18.02257, 18.27551, 18.06466, 17.72759, 17.87113, 
                           18.14039, 17.99843, 17.01796, 17.70443, 18.07949, 17.92341, 18.33591, 18.55009, 17.10680, 17.67445, 
                           17.56486, 16.44281, 18.73533, 18.32380, 17.06748, 18.36239, 17.61049, 18.41360, 16.59031, 17.76680)

MS_rastrigin_results_10D <- c(29.84866, 25.86889, 24.87393, 33.82853, 25.86889, 21.88907, 27.85880, 29.84866, 27.85879, 14.92437, 
                              26.86383, 27.85878, 27.85880, 47.75780, 36.81339, 35.81838, 37.80834, 31.83863, 27.85880, 34.82330, 
                              24.87393, 19.89915, 30.84366, 34.82349, 34.82349, 31.83855, 32.83351, 35.81840, 22.88402, 38.80330, 
                              43.77803, 16.91427, 22.88403, 35.81840, 17.90925, 34.82347, 35.81839, 44.77293, 16.91429, 19.89914, 
                              37.80834, 45.76794, 40.79317, 37.80828, 36.81320, 38.80330, 39.79820, 33.82855, 19.89916, 33.82847)

PRS_ackley_results_10D <- c(17.99285, 18.42564, 17.41881, 18.65299, 17.35094, 17.45921, 18.24116, 16.42686, 17.89686, 19.05694, 
                            18.14002, 17.65885, 18.94728, 18.55811, 18.52501, 18.03716, 18.76958, 18.28962, 17.37290, 18.76898, 
                            17.68177, 18.24842, 18.70034, 17.73171, 16.56111, 18.35398, 16.56273, 18.40100, 17.03116, 18.83652, 
                            18.44546, 17.96433, 18.40564, 17.88149, 14.84947, 17.47809, 18.49123, 18.31673, 18.46946, 19.16824, 
                            17.89529, 18.45857, 17.33787, 18.51119, 17.46017, 18.50358, 17.94604, 18.57993, 17.81944, 18.11643)

PRS_rastrigin_results_10D <- c(100.61093, 93.94366, 78.63794, 87.14737, 81.27147, 73.40139, 97.48273, 61.44641, 86.89110, 84.71088,
                               82.67905, 78.24030, 83.65198, 77.67128, 75.44499, 92.67371, 97.41636, 79.38269, 88.11236, 84.19858,
                               87.85350, 83.75144, 83.54490, 83.40185, 86.35888, 89.02529, 79.44680, 93.39288, 79.03519, 82.56782,
                               82.24317, 87.81519, 97.58682, 76.21862, 78.32643, 81.76578, 84.52969, 92.45521, 98.91791, 98.40545,
                               82.02900, 93.49018, 91.28367, 87.01490, 77.15672, 95.99504, 90.91629, 96.73168, 97.04164, 97.20656)      


MS_ackley_results_20D <- c(18.69173, 18.47275, 18.65804, 18.96209, 18.95575, 18.60812, 18.73945, 19.02632, 18.92399, 18.48632,
                           18.61436, 18.69604, 18.84681, 18.88591, 18.82429, 18.61592, 18.59603, 18.67185, 18.91361, 18.51640,
                           18.99472, 18.83419, 18.74309, 18.15982, 18.75662, 18.70128, 19.13674, 18.57034, 18.15286, 18.68933,
                           18.56762, 18.79946, 18.97012, 18.87073, 18.31157, 18.80753, 18.33189, 18.83337, 18.84843, 19.07309,
                           18.77567, 18.95220, 18.51640, 18.49159, 18.63593, 18.78352, 18.79989, 18.75348, 18.16059, 18.32177)            

MS_rastrigin_results_20D <- c(79.59647, 100.49038, 84.57122, 92.53089, 108.44997, 108.45007, 104.47022, 94.52080, 97.50549, 86.56107,
                              89.54587, 93.52588, 90.54087, 89.54573, 83.57626, 91.53588, 75.61667, 101.48528, 63.67717, 108.45007,
                              102.48039, 85.56620, 80.59141, 113.42483, 90.54099, 89.54578, 89.54595, 83.57619, 89.54599, 81.58628,
                              90.54093, 78.60149, 81.58639, 86.56110, 100.49049, 105.46504, 94.52064, 114.41957, 111.43499, 74.62173,
                              101.48547, 94.52070, 82.58135, 97.50545, 114.41957, 78.60156, 84.57114, 82.58129, 114.41959, 110.43999)

PRS_ackley_results_20D <- c(19.96064, 19.93695, 19.90341, 19.54876, 19.51318, 19.81969, 19.64906, 19.29017, 19.92163, 19.81137,
                            19.90053, 19.94944, 19.79229, 19.96549, 20.29319, 19.78647, 20.13810, 20.11913, 19.99950, 19.56832,
                            20.07421, 19.65015, 19.34463, 19.98812, 19.55895, 19.49158, 19.65643, 19.61285, 19.54794, 19.84294,
                            19.77892, 20.06338, 19.81817, 19.86995, 19.66741, 19.78885, 20.01914, 19.80891, 19.82437, 19.87485,
                            19.82320, 19.69597, 19.58917, 19.64472, 19.70855, 20.01556, 19.87765, 19.95156, 19.79892, 20.06631)   

